RouteResult
marker
3
START|H스퀘워S동|524052|1083900
VIA|대전월드컵경기장|572948|796536
END|포항스틸야드|1037533|701056
end
symbol
36
동안사거리|524281|1082490
안양방면|523638|1082502
판교IC|522914|1081601
서울톨게이트|522799|1073841
천안JC|539588|910170
풍세톨게이트|535245|899829
북공주JC|523521|834999
공주2JC|526261|831886
유성JC|575765|803465
유성IC|574284|796692
유성톨게이트|573709|796324
유성IC|573607|796309
유성IC삼거리|573585|796310
U턴|573368|796831
유성IC삼거리|573388|796309
우회전|573103|796166
뭐임|573234|796537
직진|573235|796536
우회전|572358|796554
둔산방면|572563|797000
유성IC방면|572677|797001
월드컵네거리|573273|796956
유성IC삼거리|573388|796309
유성IC|573607|796309
유성톨게이트|573706|796264
유성IC|574020|796277
회덕JC|593479|807496
도동JC|873585|674547
도동JC|874313|674095
포항톨게이트|1017878|714355
포항IC|1021689|712911
포스코방면|1027664|705656
형산교차로|1034157|704891
우회전|1038469|701092
우회전|1038172|700735
뭐임|1037697|701176
end
route
36
524279,1083880|524278,1083871|524278,1083871|524277,1083787|524277,1083787|524274,1083579|524274,1083579|524274,1083485|524274,1083485|524275,1083394|524275,1083394|524277,1083144|524277,1083144|524279,1082964|524279,1082964|524278,1082905|524278,1082905|524281,1082579|524281,1082579|524281,1082490
524281,1082490|524169,1082489|524169,1082489|524038,1082488|524038,1082488|523820,1082486|523820,1082486|523794,1082486|523794,1082486|523717,1082491|523717,1082491|523638,1082502
523638,1082502|523608,1082429|523572,1082334|523572,1082334|523545,1082266|523515,1082199|523515,1082199|523470,1082111|523440,1082065|523440,1082065|523415,1082029|523382,1081999|523382,1081999|523298,1081925|523298,1081925|523259,1081890|523259,1081890|523157,1081798|522914,1081601
522914,1081601|522874,1081582|522780,1081519|522729,1081475|522593,1081335|522593,1081335|522563,1081302|522510,1081244|522488,1081223|522467,1081207|522428,1081181|522401,1081172|522371,1081164|522338,1081162|522314,1081163|522293,1081167|522272,1081173|522253,1081183|522235,1081193|522224,1081202|522210,1081213|522194,1081230|522183,1081248|522175,1081264|522168,1081280|522162,1081299|522161,1081329|522166,1081363|522177,1081387|522193,1081414|522209,1081430|522234,1081446|522260,1081454|522292,1081459|522317,1081457|522344,1081449|522366,1081438|522386,1081425|522386,1081425|522400,1081409|522407,1081400|522420,1081381|522433,1081359|522448,1081326|522459,1081292|522492,1081173|522492,1081173|522615,1080433|522751,1079544|522789,1079275|522805,1079078|522815,1078917|522823,1078273|522824,1078173|522832,1076786|522835,1076277|522835,1076277|522840,1074720|522838,1074637|522833,1074561|522818,1074422|522802,1074334|522792,1074230|522792,1074230|522796,1074071|522799,1073841
522799,1073841|522799,1073694|522803,1073615|522811,1073547|522823,1073490|522834,1073427|522844,1073302|522843,1073132|522844,1073042|522848,1072788|522865,1070152|522874,1068848|522878,1068233|522887,1066763|522891,1066168|522893,1065809|522893,1065809|522897,1065590|522896,1065190|522897,1065029|522897,1065029|522898,1064852|522900,1064402|522901,1064158|522901,1064066|522906,1062950|522925,1060109|522925,1060030|522925,1060030|522929,1059610|522933,1057473|522946,1055133|522946,1054979|522949,1054518|522949,1054403|522949,1054403|522960,1053682|522966,1052281|522960,1051532|522960,1051532|522964,1051370|522969,1051141|522976,1050081|522973,1048550|522970,1048224|522979,1047850|522990,1047128|522993,1046425|522995,1046307|522995,1046307|522990,1045455|522997,1044928|522999,1044719|522999,1044719|523006,1043969|523013,1043372|523010,1042689|523010,1042689|523014,1041907|523014,1041907|523019,1040932|523030,1040709|523067,1040335|523159,1039859|523400,1038666|523403,1038647|523411,1038618|523411,1038618|523477,1038334|523590,1037794|523710,1037211|523721,1037136|523731,1037047|523739,1036935|523739,1036935|523741,1036865|523738,1036809|523729,1036755|523716,1036685|523692,1036583|523665,1036482|523627,1036378|523575,1036257|523529,1036160|523471,1036060|523358,1035860|523165,1035530|522765,1034854|522737,1034807|522737,1034807|522702,1034748|522447,1034317|522447,1034317|522408,1034255|522187,1033876|521952,1033464|521917,1033404|521857,1033296|521857,1033296|521755,1033099|521668,1032928|521616,1032819|521574,1032719|521528,1032603|521481,1032478|521405,1032255|521349,1032046|521349,1032046|521328,1031970|521288,1031818|521247,1031596|521221,1031403|521199,1031269|521181,1031088|521154,1030710|521077,1029749|520904,1027618|520852,1026984|520834,1026709|520829,1026541|520823,1026312|520834,1026092|520866,1025752|520895,1025528|520925,1025342|521189,1023596|521189,1023596|521209,1023465|521209,1023465|521235,1023302|521235,1023302|521286,1022893|521298,1022781|521310,1022664|521315,1022519|521317,1022317|521309,1022158|521303,1022039|521286,1021824|521274,1021716|521263,1021657|521224,1021435|521157,1021132|521112,1020948|521030,1020691|521030,1020691|520997,1020598|520965,1020510|520912,1020375|520808,1020091|520635,1019635|520612,1019569|520612,1019569|520467,1019158|520335,1018784|520335,1018784|520230,1018487|519977,1017826|519724,1017162|519437,1016387|519437,1016387|519320,1016064|519131,1015554|519131,1015554|518903,1014935|518667,1014277|518593,1014035|518578,1013965|518554,1013829|518532,1013695|518522,1013581|518508,1013384|518511,1013266|518522,1013107|518522,1013107|518530,1013002|518545,1012889|518583,1012682|518736,1012118|518818,1011813|518835,1011754|518835,1011754|518939,1011342|518961,1011261|519060,1010895|519158,1010537|519205,1010368|519259,1010214|519295,1010116|519363,1009960|519426,1009836|519504,1009707|519572,1009598|519608,1009546|519671,1009465|519705,1009425|519817,1009303|519903,1009212|520096,1009037|521067,1008167|521880,1007444|522219,1007142|522870,1006560|523021,1006426|523726,1005796|523991,1005559|524110,1005453|524202,1005362|524309,1005245|524408,1005137|524483,1005043|524612,1004883|524785,1004608|524883,1004430|524957,1004283|525110,1003919|525135,1003851|526068,1001289|526126,1001127|526126,1001127|526272,1000719|526272,1000719|526726,999491|526726,999491|526889,999048|526889,999048|527311,997884|527311,997884|527785,996600|527785,996600|527836,996459|527836,996459|528126,995672|528126,995672|528258,995314|528557,994493|528577,994442|528603,994380|528688,994177|528841,993872|528990,993588|529024,993534|529369,992953|529533,992683|529556,992637|529606,992537|529641,992454|529663,992407|529706,992299|529762,992138|529834,991900|529942,991371|529958,991212|529979,990892|530215,987789|530215,987789|530286,986843|530361,985860|530390,985468|530415,985151|530415,985151|530444,984891|530475,984661|530512,984428|530576,984047|530725,983308|531104,981549|531256,980725|531256,980725|531267,980667|531411,979974|531595,979076|531693,978625|531787,978178|531860,977838|531891,977703|531934,977540|531985,977392|532092,977113|532142,976993|532142,976993|532339,976544|532375,976455|532488,976203|532724,975670|532724,975670|533049,974922|533114,974768|533167,974640|533218,974495|533250,974373|533289,974242|533351,974035|533378,973956|533428,973792|533552,973391|533564,973350|533564,973350|533571,973329|533700,972900|533802,972559|533802,972559|533808,972536|533857,972379|534026,971812|534054,971721|534054,971721|534338,970798|534403,970584|534403,970584|534559,970074|534752,969440|534829,969184|534873,969049|534954,968834|535066,968533|535169,968315|535260,968167|535832,967353|535832,967353|535941,967204|535941,967204|536000,967105|536908,965676|537035,965478|537081,965407|537081,965407|537190,965239|537190,965239|537230,965179|538127,963808|538148,963775|538148,963775|538710,962917|538710,962917|538972,962515|539345,961944|539345,961944|539840,961191|540324,960447|540497,960182|540497,960182|540520,960148|540834,959666|540860,959625|540860,959625|541447,958729|541561,958553|541749,958265|541839,958123|541900,958028|541944,957954|541983,957877|542026,957783|542062,957694|542086,957627|542103,957574|542127,957485|542149,957371|542162,957275|542171,957193|542177,957107|542179,956965|542171,956570|542163,956124|542160,955980|542143,955280|542143,955280|542135,954843|542135,954843|542133,954803|542062,951289|542062,951289|542062,950291|542062,950248|542062,950248|542060,949459|542060,949454|542060,949454|542060,949376|542063,949155|542063,949155|542064,949095|542070,948472|542070,948472|542072,948376|542080,948168|542088,947502|542089,947299|542089,947299|542091,947002|542114,945132|542116,944899|542115,944569|542121,944366|542121,944366|542123,944153|542127,943929|542131,943634|542130,943358|542130,943358|542137,943114|542144,941839|542155,941054|542155,940577|542146,940333|542134,940131|542120,939951|542087,939661|542045,939303|541976,938789|541851,937825|541567,935675|541406,934420|541383,934252|541357,934118|541321,933968|541291,933859|541252,933755|541195,933605|541095,933383|540946,933054|540797,932733|540797,932733|540583,932260|540374,931799|540374,931799|540342,931729|540005,930992|539795,930519|539499,929867|539373,929588|539346,929517|539318,929444|539291,929356|539263,929244|539238,929123|539214,928958|539183,928737|539143,928459|539034,927685|538957,927142|538955,927125|538955,927125|538953,927108|538904,926784|538873,926636|538848,926554|538817,926466|538788,926395|538756,926328|538756,926328|538752,926320|538697,926215|538624,926090|538180,925339|538079,925183|537830,924769|537795,924712|537795,924712|537468,924135|537418,924036|537384,923968|537340,923867|537270,923678|537235,923576|537202,923459|537168,923345|537148,923263|537130,923171|537088,922944|537073,922832|537073,922832|537065,922742|537053,922575|537043,922361|537022,922052|537010,921870|536998,921652|536985,921453|536891,919956|536821,918837|536816,918750|536811,918622|536815,918472|536821,918368|536829,918299|536840,918211|536853,918136|536868,918065|536975,917656|537181,916896|537408,916071|537440,915963|537453,915918|537467,915880|537526,915717|537579,915585|537625,915477|537665,915387|537702,915308|537757,915191|537810,915072|538257,914030|538431,913654|538643,913204|538685,913110|538706,913060|538736,912981|538772,912883|538812,912756|538869,912579|538896,912464|538970,912150|539021,911918|539068,911731|539086,911667|539123,911549|539226,911238|539295,911034|539588,910170
539588,910170|539723,909634|539793,909421|539839,909304|539932,909094|540014,908918|540076,908781|540111,908683|540153,908540|540175,908407|540179,908346|540179,908260|540175,908202|540169,908137|540157,908074|540137,907992|540098,907878|540058,907793|540030,907741|539999,907690|539969,907647|539948,907618|539877,907535|539803,907463|539763,907429|539729,907403|539662,907355|539405,907203|539405,907203|539204,907082|539021,906976|538625,906747|537962,906364|537764,906245|537677,906182|537576,906104|537473,906010|537397,905930|537328,905853|537243,905741|537172,905639|537113,905538|537047,905412|537018,905342|537004,905308|537004,905308|536960,905182|536926,905062|536906,904977|536895,904921|536880,904827|536865,904717|536860,904693|536860,904693|536770,904005|536770,904005|536714,903607|536691,903489|536646,903230|536641,903204|536641,903204|536616,903083|536537,902793|536470,902560|536293,902004|536260,901914|536216,901802|536129,901583|536129,901583|535959,901196|535959,901196|535813,900874|535591,900408|535428,900105|535265,899859|535245,899829
535245,899829|535225,899800|535205,899774|535205,899774|535112,899643|534920,899414|534920,899414|534900,899391|534805,899286|534590,899039|534510,898947|534240,898639|534240,898639|533651,897911|533292,897464|533068,897186|533068,897186|532730,896773|532439,896447|532214,896228|532020,896058|531821,895902|531673,895795|531595,895744|531595,895744|531560,895722|531354,895593|531137,895469|530897,895354|530791,895309|530791,895309|530613,895234|530369,895143|530153,895068|529776,894937|529425,894816|529216,894744|528985,894655|528785,894567|528671,894506|528574,894448|528448,894365|528326,894274|528246,894208|528174,894143|528101,894071|528015,893980|527958,893915|527919,893865|527919,893865|527884,893821|527807,893710|527756,893631|527695,893526|527603,893349|527449,892984|527449,892984|527420,892913|527292,892563|526843,891362|526749,891082|526709,890948|526673,890801|526618,890538|526591,890377|526576,890252|526549,889936|526540,889773|526521,889038|526518,888773|526461,886143|526453,885963|526428,885651|526400,885400|526377,885237|526344,885042|526199,884278|526165,884097|526138,883939|526095,883720|525984,883151|525969,883067|525969,883067|525856,882527|525827,882383|525542,880871|525542,880871|525391,880069|525391,880069|524847,877172|524847,877172|524644,876098|524591,875810|524565,875636|524531,875227|524530,875151|524532,874907|524538,874809|524543,874722|524553,874637|524562,874569|524572,874497|524606,874313|524641,874152|524689,873969|524719,873862|524756,873744|524797,873627|524838,873530|524886,873418|524921,873344|525011,873162|525096,873009|525096,873009|525103,872996|525207,872844|525313,872689|525394,872591|525473,872497|525562,872395|525622,872333|525622,872333|525666,872288|525910,872051|525988,871973|526137,871819|526205,871741|526243,871694|526277,871651|526325,871585|526446,871410|526522,871287|526583,871173|526622,871094|526699,870912|526770,870720|526812,870570|526849,870413|526863,870334|526885,870216|526890,870170|526898,870111|526904,870044|526910,869957|526909,869871|526910,869733|526910,869648|526909,869409|526909,869409|526910,869275|526908,869196|526906,868963|526904,868713|526904,868713|526897,868450|526895,867938|526899,867582|526900,867494|526894,867113|526894,867051|526891,866874|526887,866577|526877,866415|526850,866157|526820,865998|526796,865886|526749,865691|526681,865470|526681,865470|526531,865050|526501,864968|526358,864573|526358,864573|526289,864384|526220,864198|526013,863599|525901,863191|525876,863078|525781,862587|525753,862397|525743,862329|525731,862236|525719,862100|525706,861943|525700,861827|525695,861703|525690,861547|525687,861329|525687,861215|525689,861039|525690,860794|525691,860548|525694,859934|525694,859147|525652,857849|525650,857754|525650,857754|525646,857646|525635,857347|525620,856950|525620,856950|525606,856559|525606,856559|525561,855409|525561,855409|525549,855086|525532,854627|525524,854370|525518,854195|525518,854195|525507,854028|525502,853958|525493,853838|525479,853651|525391,853201|525228,852547|525228,852547|525131,852191|525112,852121|525055,851903|525055,851903|525016,851757|524979,851599|524951,851448|524936,851339|524918,851183|524901,850966|524899,850805|524899,850771|524903,850672|524904,850632|524908,850578|524908,850578|524910,850538|524921,850432|524944,850249|524973,850087|524995,849977|525048,849776|525070,849704|525106,849597|525152,849462|525194,849350|525350,848936|525402,848799|525513,848514|525607,848269|525653,848143|525720,847930|525759,847755|525791,847579|525808,847445|525817,847257|525821,847160|525818,847023|525811,846944|525807,846894|525796,846781|525773,846632|525713,846363|525692,846285|525664,846196|525590,845975|525590,845975|525550,845855|525324,845167|525039,844297|525039,844297|524961,844061|524922,843943|524863,843752|524831,843621|524809,843509|524770,843277|524770,843277|524759,843176|524748,843061|524707,842329|524707,842329|524699,842119|524699,842119|524634,840870|524634,840870|524631,840775|524625,840558|524624,840369|524631,840158|524641,839922|524658,839713|524664,839650|524680,839496|524715,839265|524750,839022|524847,838339|524866,838201|524886,838057|524894,837863|524897,837742|524890,837625|524878,837501|524863,837386|524843,837254|524808,837090|524750,836881|524676,836685|524594,836503|524531,836376|524501,836326|524441,836219|524441,836219|524416,836179|524399,836154|524311,836033|524265,835970|524068,835718|523802,835365|523703,835233|523703,835233|523521,834999
523521,834999|523421,834915|523285,834780|523105,834636|523105,834636|523047,834593|523016,834569|522989,834545|522961,834520|522947,834506|522919,834475|522899,834451|522880,834427|522839,834365|522819,834330|522797,834285|522783,834254|522764,834199|522750,834143|522742,834102|522736,834066|522732,834032|522731,833988|522737,833914|522741,833880|522749,833828|522749,833828|522749,833828|522765,833753|522775,833722|522820,833620|522852,833563|522890,833509|522906,833488|522906,833488|522922,833470|522948,833443|522969,833423|523040,833362|523113,833313|523132,833303|523182,833276|523205,833266|523205,833266|523337,833205|523406,833172|523532,833114|524754,832561|524855,832520|524855,832520|525272,832340|525272,832340|525411,832278|526045,831991|526220,831906|526261,831886
526261,831886|526357,831826|526392,831805|526428,831780|526455,831758|526493,831725|526525,831687|526553,831648|526583,831604|526608,831551|526627,831488|526641,831440|526654,831392|526675,831350|526697,831318|526731,831276|526774,831237|526829,831202|526883,831174|526937,831148|526970,831135|527012,831123|527070,831113|527127,831113|527163,831115|527222,831121|527305,831140|527342,831160|527402,831195|527443,831224|527472,831246|527528,831307|527528,831307|527583,831393|527604,831438|527626,831480|527648,831529|527664,831567|527680,831607|527696,831650|527696,831650|527718,831689|527740,831725|527762,831754|527785,831780|527812,831804|527966,831917|528000,831945|528000,831945|528148,832069|528148,832069|528495,832238|528833,832379|529070,832460|529217,832508|529217,832508|529533,832585|529687,832622|529924,832655|530444,832705|530820,832704|530899,832704|531015,832696|531095,832691|531095,832691|531428,832649|533055,832328|533055,832328|533258,832314|533562,832300|533810,832324|533810,832324|533983,832347|534072,832366|534233,832402|534577,832483|535421,832720|535421,832720|535542,832754|535542,832754|536204,832934|536263,832950|536508,833015|536508,833015|536627,833047|536688,833064|537808,833364|537912,833392|538175,833462|538175,833462|538252,833483|539547,833852|539547,833852|539616,833872|539907,833940|540099,833979|540201,833996|540430,834018|540681,834025|540893,834012|541034,834003|541246,833972|541465,833927|541697,833856|541697,833856|541740,833843|541836,833809|541940,833769|542032,833729|542195,833649|542325,833575|542544,833446|542737,833305|542994,833078|543228,832852|543278,832807|543278,832807|543458,832645|543636,832481|544144,832015|544144,832015|544226,831947|544319,831869|544406,831801|544594,831668|544727,831579|544992,831418|545263,831274|545443,831178|545685,831071|545803,831021|545995,830949|546094,830914|546386,830824|546402,830818|546402,830818|546428,830811|546603,830768|546603,830768|546623,830764|546983,830689|547113,830664|547505,830606|548441,830475|548741,830431|549019,830392|549321,830354|549640,830308|549640,830308|549900,830271|550106,830240|550106,830240|550401,830189|550709,830117|550709,830117|551077,830013|551077,830013|551503,829869|552032,829655|552177,829588|552469,829435|552625,829352|552773,829263|552938,829160|553035,829099|553218,828976|553544,828732|553898,828437|554308,828036|554604,827699|554897,827306|555003,827153|555210,826785|555307,826594|555366,826477|555497,826179|555541,826076|555541,826076|555548,826054|555677,825656|555753,825383|555758,825365|555821,825061|555821,825061|555880,824720|555880,824720|555940,824064|555943,824006|555943,824006|555947,823947|556023,822886|556023,822886|556029,822796|556032,822771|556032,822771|556033,822749|556074,822199|556106,821896|556209,821472|556279,821257|556378,821041|556498,820782|556613,820586|556971,820137|557093,820015|557349,819768|557529,819602|558249,818922|558749,818444|559093,818120|559342,817885|559600,817643|560893,816413|561085,816227|561449,815892|561449,815892|561845,815582|562016,815461|562208,815325|562766,814988|562989,814870|563006,814863|563008,814861|563008,814861|563189,814776|563396,814680|563753,814513|564053,814341|564283,814174|564559,813939|564624,813880|564666,813837|564666,813837|564806,813688|564884,813588|564998,813443|565058,813352|565138,813227|565223,813111|565223,813111|565248,813066|565285,812997|565357,812843|565466,812581|565573,812253|565582,812225|565712,811776|565712,811776|565762,811609|565762,811609|565766,811593|565919,811040|565924,811022|565924,811022|565927,811013|565937,810975|565987,810799|565987,810799|566078,810480|566088,810447|566088,810447|566242,809898|566242,809898|566330,809592|566364,809469|566396,809355|566535,808876|566628,808619|566746,808343|566894,808094|566953,807999|567113,807786|567196,807676|567313,807550|567388,807478|567554,807326|567667,807229|567924,807045|568578,806599|568721,806503|569096,806243|569096,806243|569197,806174|569975,805642|570546,805252|570813,805070|570813,805070|571263,804763|571316,804728|571316,804728|571490,804611|571671,804502|571838,804410|572070,804302|572070,804302|572148,804270|572224,804240|572353,804193|572520,804141|572849,804066|572976,804044|573352,803979|573843,803894|574227,803829|574286,803819|574286,803819|574367,803808|574367,803808|575219,803663|575219,803663|575382,803634|575382,803634|575449,803623|575510,803605|575573,803584|575635,803553|575699,803513|575741,803484|575765,803465
575765,803465|575823,803398|575851,803362|575870,803337|575900,803290|575932,803231|575950,803190|575971,803139|575983,803098|576001,803028|576009,802966|576011,802854|576008,802802|576002,802762|575994,802718|575985,802678|575943,802551|575902,802433|575902,802433|575843,802311|575684,801958|575599,801758|575459,801446|575403,801310|575333,801144|575323,801118|575287,801022|575208,800812|575167,800700|575146,800646|574921,800003|574742,799508|574476,798733|574445,798647|574430,798609|574406,798529|574385,798455|574371,798402|574350,798297|574341,798250|574326,798122|574321,798065|574319,798027|574318,798001|574311,797837|574310,797820|574310,797820|574309,797774|574304,797584|574302,797517|574302,797517|574294,797067|574294,797067|574294,797037|574291,796948|574290,796906|574290,796906|574284,796692
574284,796692|574268,796642|574247,796538|574239,796505|574226,796471|574209,796438|574196,796421|574186,796406|574172,796393|574156,796380|574129,796359|574089,796336|574020,796301|574020,796301|573978,796305|573840,796319|573823,796321|573709,796324
573709,796324|573658,796326|573653,796324|573613,796310|573607,796309
573607,796309|573585,796310
573585,796310|573482,796412|573438,796450|573403,796486|573376,796513|573376,796513|573372,796619|573372,796619|573369,796809|573369,796809|573368,796831
573368,796831|573369,796809|573369,796809|573372,796619|573372,796619|573376,796513|573376,796513|573388,796309
573388,796309|573347,796224|573322,796189|573287,796175|573250,796166|573250,796166|573103,796166
573103,796166|573153,796221|573201,796284|573222,796321|573232,796355|573235,796376|573234,796537
573235,796536|573234,796707|573230,796745|573221,796773|573212,796793|573195,796819|573164,796850|573128,796873|573092,796886|573061,796891|572796,796889|572760,796881|572705,796848|572686,796830|572661,796796|572642,796744|572637,796700|572636,796484|572633,796462|572627,796448|572620,796441|572620,796441|572595,796434|572549,796433|572516,796434|572483,796444|572451,796464|572358,796554
572358,796554|572439,796643|572515,796745|572544,796820|572555,796898|572555,796898|572557,796910|572557,796910|572563,797000
572563,797000|572677,797001
572677,797001|572728,796964|573257,796956|573257,796956|573273,796956
573273,796956|573369,796809|573369,796809|573372,796619|573372,796619|573376,796513|573376,796513|573388,796309
573388,796309|573585,796310|573585,796310|573607,796309
573607,796309|573616,796303|573635,796289|573656,796273|573664,796269|573674,796267|573706,796264
573706,796264|573792,796261|573817,796262|573838,796264|573948,796279|574020,796277
574020,796277|574394,796258|574433,796249|574458,796242|574477,796236|574498,796225|574516,796211|574532,796193|574547,796176|574558,796156|574565,796133|574572,796110|574575,796083|574574,796054|574570,796031|574564,796012|574555,795993|574543,795976|574531,795962|574516,795950|574499,795939|574483,795932|574468,795927|574451,795926|574432,795928|574402,795937|574381,795947|574368,795959|574355,795977|574335,796017|574327,796049|574324,796092|574323,796323|574320,796350|574310,796390|574310,796390|574315,796689|574319,796905|574319,796905|574320,796942|574321,797031|574322,797066|574322,797066|574329,797519|574329,797519|574331,797584|574337,797771|574339,797817|574339,797817|574346,798001|574350,798064|574354,798121|574359,798158|574372,798246|574381,798291|574402,798397|574414,798443|574437,798519|574459,798597|574473,798635|574507,798729|574778,799501|574953,799994|575194,800688|575194,800688|575236,800803|575314,801011|575351,801110|575351,801110|575366,801147|575429,801299|575483,801431|575620,801744|575712,801945|575872,802298|575938,802429|575938,802429|576270,803162|576417,803482|576508,803669|576545,803737|576580,803799|576609,803845|576647,803900|576725,804010|576880,804201|576941,804274|577029,804370|577113,804453|577113,804453|577145,804484|577248,804573|577397,804696|577656,804877|577778,804953|577896,805020|577925,805035|577937,805041|577950,805048|577950,805048|578148,805144|578231,805181|578231,805181|578293,805204|578516,805288|578841,805398|579174,805506|579351,805571|579519,805639|579735,805747|579845,805812|580014,805926|580139,806020|580233,806096|580311,806162|580370,806213|580867,806634|581257,806967|581280,806986|581280,806986|581357,807051|581357,807051|581473,807149|582079,807665|582240,807790|582390,807894|582510,807971|582604,808023|582735,808094|582956,808188|583092,808236|583265,808291|583464,808337|583590,808362|583615,808366|583615,808366|583629,808369|583748,808389|583892,808417|583986,808439|584091,808464|584091,808464|584135,808474|584288,808528|584405,808580|584591,808679|584762,808792|584905,808905|585044,809016|585221,809154|585354,809255|585478,809336|585607,809412|585731,809472|585876,809529|585876,809529|586053,809591|586123,809610|586155,809619|586178,809623|586210,809629|586337,809646|586455,809654|586608,809655|586824,809635|586824,809635|586917,809618|586973,809605|587034,809591|587110,809572|587236,809534|587338,809503|588099,809255|588878,809004|589111,808932|589164,808916|589286,808876|589405,808827|589658,808704|589899,808544|590110,808386|590418,808168|590500,808112|590599,808052|590736,807984|590879,807927|590981,807891|591066,807866|591124,807850|591225,807830|591349,807808|591534,807779|592006,807710|592281,807671|592383,807655|592383,807655|592522,807633|593127,807546|593127,807546|593390,807509|593462,807498|593479,807496
593479,807496|593614,807443|593657,807423|593692,807399|593725,807370|593760,807328|593790,807285|593812,807245|593827,807199|593833,807170|593836,807138|593834,807111|593827,807069|593800,806713|593800,806713|593785,806595|593773,806481|593765,806313|593766,806231|593768,806118|593774,806006|593789,805894|593813,805759|593840,805606|593873,805485|593907,805368|593932,805288|593962,805208|594004,805098|594037,805028|594081,804934|594376,804403|595075,803157|595112,803093|595189,802956|595269,802801|595334,802649|595376,802536|595394,802484|595408,802439|595430,802360|595443,802314|595460,802252|595855,800780|596011,800188|596018,800159|596026,800129|596065,800021|596134,799845|596191,799725|596248,799624|596318,799510|596380,799413|596459,799306|596561,799177|596829,798864|596931,798752|597009,798672|597119,798575|597197,798515|597287,798452|597352,798414|597449,798360|597529,798325|597611,798292|597699,798257|597785,798231|597856,798214|597922,798199|598070,798171|598313,798132|598538,798097|598839,798045|598966,798022|599074,798002|599173,797979|599276,797950|599401,797912|599514,797867|599602,797827|599673,797792|599749,797754|599797,797727|599868,797685|599948,797634|600034,797572|600153,797480|600291,797353|600377,797269|600458,797180|600538,797093|600538,797093|600565,797060|600641,796962|600674,796917|600746,796806|600903,796571|601128,796242|601769,795306|601769,795306|601815,795239|602341,794496|602393,794422|602446,794354|602531,794250|602639,794117|602677,794073|602735,794006|602800,793945|602840,793901|602931,793813|602974,793772|603089,793667|603245,793523|603464,793322|603542,793251|603686,793123|603686,793123|605103,791862|605103,791862|605203,791786|605279,791731|605300,791718|605325,791703|605345,791691|605389,791666|605413,791654|605498,791607|605584,791566|605620,791550|605650,791538|605684,791524|605757,791497|605888,791452|605992,791421|606050,791407|606082,791400|606120,791394|606255,791368|606385,791348|606469,791336|606615,791318|606778,791298|606855,791287|607452,791212|607452,791212|607654,791184|608016,791138|608171,791120|608348,791102|608527,791091|608673,791097|608813,791108|608877,791117|609011,791140|609122,791161|609122,791161|609260,791197|609404,791241|609546,791297|609625,791333|609718,791379|609772,791404|609912,791490|610073,791603|611025,792314|611170,792422|611268,792490|611442,792597|611546,792652|611605,792679|611657,792701|611725,792727|611725,792727|611739,792732|611862,792779|611919,792796|612015,792823|612099,792841|612203,792860|612203,792860|612252,792870|612397,792884|612467,792890|612535,792895|612656,792896|612779,792892|612861,792886|612934,792880|613012,792870|613064,792863|613105,792857|613140,792851|613498,792789|613547,792782|613583,792776|613846,792736|613897,792727|614458,792636|614633,792606|614670,792599|614810,792568|614898,792549|614984,792525|615194,792465|615280,792435|615413,792380|615413,792380|615529,792329|615681,792252|615869,792146|615946,792102|616216,791920|616349,791815|616492,791694|616627,791558|616768,791410|616854,791312|616923,791228|616923,791228|617090,790993|617165,790873|617310,790632|617310,790632|617537,790181|617537,790181|617578,790096|617690,789872|617768,789716|617838,789586|617932,789423|617984,789336|618044,789254|618104,789168|618178,789074|618267,788974|618377,788855|618487,788747|618514,788723|618519,788719|618519,788719|618535,788707|618757,788528|618851,788452|619575,787909|619575,787909|619956,787624|620484,787210|620850,786926|621074,786750|621074,786750|621201,786652|621350,786534|621530,786394|621658,786295|621658,786295|621811,786172|621987,786026|622159,785881|622822,785316|623022,785151|623836,784474|624908,783576|624908,783576|625004,783499|625077,783439|625213,783331|625348,783230|625551,783088|625974,782785|626111,782699|626392,782549|626392,782549|627176,782115|627176,782115|627618,781866|627707,781812|628142,781573|628142,781573|628621,781311|629419,780882|629788,780676|629881,780619|629881,780619|630067,780506|631860,779377|633007,778667|633131,778588|633131,778588|634447,777775|634447,777775|634690,777633|634803,777572|634893,777529|634949,777501|635122,777430|635207,777396|635348,777334|635424,777306|635499,777280|635586,777255|635641,777240|635715,777220|635752,777211|637190,776853|637703,776731|637984,776665|638084,776645|638200,776633|638317,776618|638408,776609|638553,776593|638694,776586|638987,776591|639263,776596|639331,776600|639632,776642|639848,776677|639877,776681|639877,776681|639983,776701|640359,776769|640359,776769|640956,776878|641263,776906|641487,776892|641758,776864|641857,776848|641959,776822|642095,776785|642403,776674|642623,776566|642701,776518|642818,776440|642900,776380|643079,776231|643458,775851|643995,775302|644200,775085|644540,774705|644605,774637|644637,774604|644637,774604|644825,774431|644925,774342|645068,774228|645265,774104|645435,774011|645620,773928|645620,773928|645700,773896|645700,773896|647364,773492|647364,773492|647543,773456|647543,773456|648359,773284|648359,773284|648472,773261|648772,773193|649071,773131|649178,773115|649305,773099|649416,773093|649756,773093|649756,773093|649851,773095|650043,773099|650169,773108|650265,773115|650420,773128|650626,773152|650811,773177|651173,773237|651363,773267|651701,773306|651946,773331|651946,773331|653525,773568|653653,773578|653798,773584|653979,773584|654262,773566|654628,773513|654943,773437|654943,773437|655453,773253|655453,773253|656698,772766|656698,772766|657188,772574|657289,772538|657680,772413|657779,772384|658058,772306|658312,772247|658592,772191|658927,772142|660627,771977|660627,771977|660903,771955|660903,771955|663105,771773|663105,771773|663399,771742|663399,771742|663550,771728|663637,771717|664649,771562|664770,771540|664837,771525|664837,771525|665123,771441|665657,771277|665876,771207|666083,771135|666432,771023|666651,770951|666861,770886|667016,770845|667132,770814|667255,770780|667447,770734|667640,770699|667996,770642|667996,770642|668182,770612|668406,770573|668481,770558|668481,770558|668532,770549|668680,770515|668817,770478|668916,770441|669005,770406|669131,770340|669404,770191|669514,770140|669649,770086|669876,769997|670754,769681|670754,769681|671931,769250|671931,769250|672166,769163|672407,769097|672612,769082|672793,769093|672991,769139|673270,769252|673547,769421|674095,769777|674484,770045|674743,770330|674869,770531|675077,771178|675263,771775|675337,772014|675484,772521|675551,772766|675599,772882|675689,773081|675843,773310|675975,773458|676109,773573|676245,773661|676395,773740|676482,773776|676643,773828|676756,773858|677145,773927|677283,773949|677836,774039|677973,774054|678097,774060|678254,774062|678416,774048|678478,774042|678583,774024|678716,773992|679128,773849|679919,773603|680186,773503|680415,773399|680741,773235|681376,772913|681655,772773|681963,772621|682994,772102|683155,772035|683290,771988|683739,771873|683739,771873|684699,771694|684920,771649|685113,771611|685337,771556|685448,771527|685643,771465|685857,771389|685981,771338|686158,771259|686349,771165|686424,771125|686485,771091|686559,771049|686619,771015|686735,770944|686735,770944|686943,770799|687156,770643|687307,770517|687418,770420|687493,770348|687555,770288|687603,770238|687733,770104|687788,770043|687788,770043|687940,769875|688090,769714|688240,769558|688343,769459|688470,769349|688637,769211|688759,769117|688954,768975|689200,768805|689365,768692|689534,768572|689942,768302|690242,768105|690509,767932|690792,767725|690882,767651|690962,767582|691125,767415|691195,767336|691248,767269|691329,767157|691382,767077|691413,767027|691485,766898|691516,766832|691516,766832|691554,766754|691603,766634|691648,766504|691684,766382|691684,766382|691736,766126|691736,766126|691789,765579|691789,765579|691804,765307|691804,765307|691848,764542|691848,764542|691941,763010|691947,762932|691981,762645|691991,762582|692023,762409|692037,762343|692055,762274|692135,762043|692176,761944|692215,761858|692280,761736|692348,761622|692383,761571|692490,761420|692582,761308|692710,761169|692837,761060|693034,760910|693251,760783|693367,760720|693452,760679|693612,760613|693890,760514|694177,760437|694674,760297|694817,760248|694941,760201|695059,760148|695202,760070|695327,759993|695432,759924|695508,759866|695658,759735|695789,759604|695885,759492|695958,759399|696013,759319|696181,759065|696181,759065|696382,758727|696382,758727|696459,758590|696459,758590|696675,758227|696675,758227|696726,758143|696726,758143|696815,757993|696815,757993|697038,757627|697131,757493|697193,757419|697268,757343|697357,757277|697468,757204|697699,757072|697882,757003|698033,756947|698157,756902|698334,756833|698504,756768|698605,756731|698767,756669|699026,756572|699248,756485|699687,756319|699750,756295|699951,756224|700098,756186|700216,756162|700352,756149|700490,756138|700614,756128|700720,756132|700831,756144|700950,756167|701119,756213|701291,756272|701491,756366|701644,756452|701842,756597|702107,756795|702420,757056|702512,757122|702640,757203|702804,757294|702974,757384|703200,757481|703577,757616|703769,757667|703769,757667|703909,757686|704107,757717|704229,757732|704366,757746|704548,757759|704725,757770|704866,757774|704866,757774|705490,757784|706731,757815|706863,757805|706924,757793|707039,757759|707039,757759|707224,757703|707224,757703|707360,757639|707424,757605|707506,757552|707563,757516|708044,757137|708095,757098|708095,757098|708358,756899|708358,756899|708583,756727|709392,756113|710125,755558|710594,755245|710594,755245|710751,755154|710918,755068|711072,754995|711245,754926|711425,754860|711622,754796|711802,754749|711983,754712|711983,754712|712103,754688|712236,754666|712426,754635|712638,754614|712814,754600|712977,754591|713131,754584|713393,754568|714513,754492|714578,754490|714996,754473|715069,754477|715286,754495|715590,754554|716118,754705|716441,754804|716441,754804|716671,754871|716671,754871|716704,754880|717090,755000|717090,755000|717268,755052|717268,755052|717763,755196|717882,755220|717991,755237|718103,755248|718264,755254|718409,755249|718556,755233|718618,755224|718696,755210|719851,754996|720445,754882|720945,754797|721181,754765|721458,754736|721655,754720|721819,754709|721819,754709|722029,754702|722630,754687|722630,754687|722854,754683|723061,754678|723206,754672|723356,754662|723583,754631|723693,754606|723762,754587|723863,754556|723983,754509|724079,754462|724197,754396|724300,754329|724326,754310|724326,754310|724385,754266|724446,754209|724500,754155|724615,754029|724700,753926|724757,753860|724787,753819|724815,753764|724822,753752|724822,753752|724868,753662|724932,753528|724955,753464|724983,753375|725004,753286|725023,753200|725048,753065|725061,752980|725082,752822|725082,752822|725135,752431|725164,752187|725171,752115|725183,752019|725203,751848|725220,751707|725242,751530|725252,751440|725252,751440|725342,750651|725366,750469|725379,750374|725399,750199|725421,750042|725441,749920|725459,749801|725481,749689|725505,749584|725537,749464|725564,749371|725595,749278|725623,749198|725682,749051|725760,748891|725851,748715|725899,748628|725942,748558|725988,748489|726016,748447|726074,748371|726133,748291|726206,748202|726284,748116|726340,748059|726451,747950|726610,747800|726698,747715|726784,747635|726865,747557|726954,747476|727062,747369|727153,747282|727258,747170|727341,747078|727408,746996|727459,746932|727520,746848|727559,746793|727594,746739|727644,746663|727706,746558|727762,746457|727805,746375|727844,746294|727877,746219|727913,746138|727936,746081|727957,746027|727970,745992|728004,745893|728028,745812|728047,745757|728072,745649|728096,745553|728110,745485|728120,745441|728274,744532|728468,743376|728470,743364|728470,743364|728554,742857|728588,742693|728616,742583|728629,742542|728629,742542|728671,742415|728739,742240|728802,742107|728884,741956|728963,741829|729092,741654|729192,741533|730094,740528|730507,740056|730507,740056|730595,739958|731060,739447|731060,739447|731079,739428|731403,739071|731577,738885|731768,738695|731959,738513|732264,738247|732667,737898|732899,737709|734205,736622|734528,736373|734615,736311|734717,736240|734806,736184|734899,736133|734992,736086|735101,736037|735220,735989|735386,735934|735551,735888|735803,735820|735999,735766|739708,734759|740754,734473|741248,734338|742665,733952|742947,733879|743055,733855|743138,733836|743297,733816|743587,733789|744542,733719|745155,733678|745155,733678|745356,733665|745356,733665|745770,733627|745770,733627|746045,733611|746226,733600|746385,733588|746571,733574|746792,733545|746792,733545|747196,733510|747483,733486|747890,733466|748103,733460|749355,733451|749495,733447|749859,733432|750085,733406|750131,733400|750175,733394|750352,733365|750604,733306|750760,733260|751042,733155|751377,732997|751473,732946|752012,732616|752012,732616|752364,732428|752364,732428|752665,732250|752686,732236|752686,732236|753058,732018|753129,731975|753182,731948|753182,731948|753256,731909|753324,731871|753379,731842|753442,731811|753554,731757|753607,731734|753685,731702|753759,731674|753882,731631|754025,731585|754109,731558|754537,731405|754537,731405|755147,731175|755147,731175|755258,731134|755335,731110|755408,731090|755479,731075|755552,731060|755625,731051|755714,731040|755790,731038|755863,731041|755928,731042|756006,731049|756080,731061|756147,731076|756241,731093|756339,731120|756430,731146|756502,731172|756569,731200|756663,731243|756747,731279|756842,731331|756911,731370|757030,731441|757835,731930|757970,732017|758566,732387|758947,732613|759052,732674|759149,732723|759240,732767|759333,732807|759405,732834|759498,732865|759608,732897|759678,732914|759773,732933|759845,732945|759913,732953|759974,732959|760079,732965|760155,732966|760222,732967|760340,732961|760414,732952|760481,732943|760538,732938|760599,732927|760651,732916|760717,732902|760787,732885|760982,732841|761056,732827|761284,732778|761458,732749|761458,732749|761546,732739|761676,732725|761703,732723|761800,732718|761864,732717|761934,732717|761984,732718|762046,732720|762104,732725|762173,732731|762233,732740|762295,732748|762356,732758|762412,732768|762461,732778|762498,732788|762572,732806|762690,732836|762748,732857|762748,732857|762840,732890|762950,732935|763004,732959|763073,732991|763231,733078|763373,733172|763511,733272|763588,733337|763648,733384|763688,733420|763891,733605|764141,733834|764141,733834|764598,734295|764598,734295|764892,734570|765185,734866|765185,734866|765221,734900|765381,735053|765381,735053|766105,735764|766164,735824|766227,735903|766242,735922|766297,735995|766359,736082|766401,736146|766453,736231|766631,736567|766917,737110|767626,738451|767759,738693|767823,738812|767823,738812|767914,738973|768007,739141|768093,739288|768148,739377|768148,739377|768175,739415|768210,739466|768236,739506|768323,739624|768363,739671|768416,739731|768499,739813|768566,739878|768612,739919|768680,739977|768791,740064|768886,740129|768997,740197|769082,740248|769214,740311|769345,740371|769430,740404|769566,740445|769680,740479|769840,740516|769996,740542|770313,740585|770545,740608|770842,740633|771961,740735|773467,740873|774507,740971|777223,741212|780095,741478|780700,741540|780700,741540|781195,741585|781195,741585|781209,741586|781543,741615|781894,741650|782073,741665|782394,741693|782531,741699|782722,741708|782722,741708|782978,741714|783178,741709|783178,741709|783482,741679|783618,741662|783790,741629|783790,741629|784006,741577|784137,741540|784202,741516|784259,741498|784356,741461|784450,741425|785044,741136|785044,741136|785418,740917|786116,740477|786116,740477|788330,739088|789623,738279|789757,738201|789940,738106|790106,738025|790229,737968|791847,737263|792317,737058|792625,736925|793027,736742|793261,736625|793408,736544|793492,736498|793578,736445|793735,736347|793898,736241|794074,736124|794506,735838|795092,735456|795205,735388|795361,735291|795456,735239|795560,735184|795709,735117|795780,735090|795856,735063|795920,735043|796009,735019|796052,735010|796052,735010|796315,734955|796661,734889|796661,734889|799091,734418|799667,734302|799825,734265|799930,734238|800041,734202|800147,734159|800254,734112|800353,734064|800455,734008|800544,733953|800697,733855|801117,733556|802141,732832|802307,732719|802388,732669|802560,732565|802664,732505|802789,732435|803273,732196|803899,731890|804578,731546|804760,731439|804837,731385|804947,731295|805038,731212|805148,731093|805229,730996|805277,730925|805342,730831|805379,730766|805410,730712|805440,730649|805479,730562|805526,730437|805570,730303|805609,730153|805945,728844|806317,727395|806317,727395|806409,727075|806541,726545|806541,726545|806558,726472|806582,726366|806606,726264|806625,726162|806641,726013|806650,725880|806652,725785|806649,725710|806612,725072|806469,722680|806389,721361|806381,721199|806381,721199|806360,720772|806341,720370|806341,720370|806281,719121|806249,718462|806230,718239|806225,718176|806224,718120|806226,718004|806231,717943|806245,717860|806261,717793|806284,717715|806288,717705|806331,717593|806376,717500|806430,717402|806484,717317|806540,717242|806550,717229|806600,717167|806671,717092|806722,717044|806794,716984|806867,716929|806962,716867|807038,716824|807100,716793|807140,716775|807176,716761|807248,716733|807344,716705|807386,716694|807455,716681|807584,716663|807732,716651|807981,716647|808330,716644|808330,716644|808981,716664|809105,716666|809174,716668|809174,716668|809238,716668|809238,716668|809673,716677|809673,716677|811733,716719|811733,716719|813551,716725|813551,716725|813744,716706|813836,716689|813945,716655|814082,716608|814193,716559|814296,716505|814402,716439|814508,716366|814617,716281|814751,716158|814830,716077|814900,715989|814963,715913|815020,715832|815075,715741|815145,715610|816281,713252|816312,713188|816701,712462|816939,712018|817054,711796|817108,711669|817144,711574|817188,711438|817944,708488|818023,708148|818066,707912|818111,707564|818129,707442|818187,706817|818213,706545|818236,706398|818293,706149|818406,705833|818422,705793|818514,705618|818629,705436|818755,705276|818953,705073|819211,704866|819511,704694|819784,704578|820096,704474|820983,704234|821248,704159|821467,704076|821655,703959|821833,703807|821920,703722|821920,703722|822063,703542|822119,703472|822179,703368|822230,703267|822266,703181|822309,703050|822341,702942|822364,702830|822383,702683|822384,702551|822381,702376|822368,702285|822306,701950|822306,701950|822210,701468|822163,701212|822077,700750|821994,700300|821815,699374|821615,698297|821615,698297|821575,697888|821568,697780|821566,697680|821570,697504|821573,697465|821573,697465|821580,697369|821590,697246|821608,697111|821706,696217|821779,695555|821806,695301|821806,695301|821884,694593|821884,694593|821917,694357|821965,693930|822010,693537|822067,693063|822075,693017|822108,692834|822134,692735|822168,692613|822178,692573|822260,692293|822304,692187|822320,692146|822350,692070|822371,692022|822471,691842|822471,691842|822632,691585|822708,691478|822769,691397|822814,691337|822932,691185|822992,691109|823063,691027|823124,690964|823212,690876|823247,690841|823299,690797|823299,690797|823415,690702|823589,690572|823812,690419|824046,690269|824206,690167|824670,689878|826792,688545|827010,688402|827129,688312|827230,688227|827303,688153|827359,688094|827444,687992|827525,687879|827607,687745|827673,687609|827718,687508|827739,687451|827796,687269|827824,687151|827849,687040|827890,686818|827931,686605|827961,686428|827977,686336|827977,686336|828035,686016|828100,685651|828156,685374|828208,685092|828208,685092|828220,685028|828246,684899|828255,684854|828289,684669|828306,684569|828412,684009|828474,683658|828500,683510|828522,683390|828595,683049|828624,682944|828680,682785|828721,682669|828823,682455|828865,682373|828939,682242|829618,681111|830002,680505|830072,680412|830165,680300|830327,680109|830442,679984|830563,679867|830763,679707|830878,679627|830965,679572|831141,679478|831194,679449|831531,679297|831583,679275|832068,679047|832096,679036|833216,678518|833355,678449|833380,678434|833446,678399|833513,678354|833530,678343|833575,678314|833589,678305|833630,678274|833638,678268|833672,678242|833728,678190|833797,678124|833886,678026|833962,677935|833983,677907|834008,677872|834044,677825|834073,677774|834107,677706|834147,677623|834182,677550|834260,677376|834294,677303|834364,677146|834394,677075|834544,676728|834644,676499|834949,675823|835139,675405|835139,675405|835499,674549|835499,674549|835880,673644|836181,672959|836471,672268|836562,672003|837029,670731|837278,670042|837371,669809|837459,669612|837495,669530|837507,669502|837551,669400|837571,669359|837585,669332|837623,669271|837651,669227|837666,669206|837701,669155|837722,669127|837785,669046|837830,668991|837872,668949|837914,668909|837980,668853|838070,668784|838070,668784|838117,668748|838143,668727|838166,668713|838189,668698|838244,668665|838322,668623|838394,668587|838440,668565|838506,668540|838575,668518|838575,668518|838590,668513|838659,668490|838722,668474|838771,668463|838819,668452|838884,668440|838932,668434|838985,668428|839068,668422|839089,668420|839162,668418|839208,668419|839255,668421|839371,668429|839411,668432|839796,668478|840493,668563|840573,668567|840780,668581|840891,668581|840986,668581|841062,668578|841194,668573|841373,668551|841525,668531|841644,668512|841853,668476|842274,668393|843184,668211|843302,668185|843302,668185|843431,668161|843617,668123|843617,668123|843679,668113|843732,668105|843852,668082|843918,668069|844013,668051|844079,668038|844171,668022|844311,667994|844364,667985|844423,667978|844486,667971|844563,667964|844603,667961|844785,667961|844867,667965|844907,667968|844963,667975|845012,667983|845069,667991|845112,667998|845176,668013|845227,668026|845269,668036|845345,668059|845549,668116|845588,668129|845654,668148|845702,668164|846041,668273|846041,668273|846233,668334|846496,668424|846715,668500|846884,668555|846955,668578|847110,668626|847455,668737|847610,668779|847919,668857|848145,668908|848528,669003|848672,669038|848894,669091|849196,669173|849410,669228|849886,669362|849968,669390|850043,669420|850120,669453|850196,669491|850263,669531|850335,669578|850407,669632|850479,669694|850543,669751|850602,669813|850646,669863|850687,669915|850837,670130|850917,670246|851282,670768|851323,670823|851369,670878|851411,670920|851461,670965|851527,671018|851587,671062|851643,671099|851706,671139|851784,671181|851869,671220|851956,671256|852787,671562|852916,671610|853980,672002|854092,672040|854179,672065|854570,672163|854754,672208|855385,672365|855618,672424|855750,672461|855750,672461|856787,672742|857182,672846|857320,672882|857320,672882|860911,673858|860911,673858|862844,674307|862844,674307|864176,674612|864176,674612|864590,674706|864590,674706|865957,675034|865957,675034|866187,675089|866187,675089|866396,675120|866539,675134|866689,675147|866689,675147|866795,675156|866939,675163|867114,675166|867234,675165|867399,675162|867789,675155|867789,675155|868817,675135|868817,675135|870270,675106|870270,675106|871403,675083|871469,675082|871685,675069|871816,675055|871938,675035|872045,675017|872223,674979|872364,674942|872505,674900|872670,674850|873319,674637|873585,674547
873585,674547|873928,674403|874016,674360|874060,674337|874090,674318|874142,674280|874197,674236|874230,674202|874273,674150|874313,674095
874313,674095|874378,674017|874427,673960|874479,673908|874523,673872|874572,673837|874649,673795|874729,673761|874756,673753|874772,673750|874804,673748|874913,673744|875078,673755|875181,673765|875299,673782|875373,673799|875411,673810|875458,673829|875527,673862|875546,673873|875655,673966|875678,673989|875704,674019|875735,674067|875766,674124|875792,674185|875878,674432|875896,674481|875918,674533|875956,674612|875971,674640|875998,674672|875998,674672|876066,674829|876096,674906|876135,675015|876164,675116|876189,675206|876189,675206|876225,675344|876243,675419|876246,675458|876246,675458|876258,675519|876275,675628|876280,675655|876289,675714|876295,675788|876300,675892|876300,676015|876300,676043|876300,676043|876291,676471|876288,676700|876288,676700|876306,676898|876327,677034|876346,677153|876368,677252|876390,677347|876424,677472|876468,677613|876516,677731|876566,677848|876618,677948|876699,678095|876833,678301|876933,678431|877057,678571|877181,678698|877290,678797|877290,678797|877403,678888|877550,678997|877625,679048|877688,679087|878244,679403|878244,679403|879803,680286|879803,680286|880126,680467|880506,680682|880818,680862|881026,680986|881355,681206|881475,681289|881812,681557|882078,681782|882529,682194|882852,682499|882852,682499|883834,683400|883834,683400|884302,683838|884566,684068|884706,684182|884844,684286|884986,684386|885155,684498|885358,684615|885525,684705|885796,684829|885927,684883|886174,684976|886335,685033|886750,685177|888041,685614|888389,685738|888389,685738|888606,685812|889196,685998|889934,686181|890530,686311|891102,686400|891689,686452|892104,686476|892441,686491|892918,686488|893388,686467|893796,686439|894199,686394|894199,686394|894522,686359|894706,686334|894706,686334|894910,686305|895344,686226|895739,686134|895739,686134|895986,686072|896195,686015|896784,685857|897177,685745|897479,685659|897658,685614|897810,685583|897931,685564|898175,685538|898340,685527|898620,685516|898699,685517|899056,685529|899591,685564|899591,685564|900093,685599|901280,685704|901280,685704|903167,685860|903654,685898|904072,685931|904295,685949|904399,685957|904685,685980|904908,685997|906280,686106|906448,686120|906541,686128|906652,686138|906785,686155|906926,686176|907017,686192|907174,686221|907338,686261|907505,686307|907690,686366|907872,686430|908164,686548|908312,686614|908475,686700|908595,686769|908645,686799|908807,686897|909042,687056|909253,687216|909392,687330|909507,687433|909717,687628|909836,687751|909994,687925|910372,688360|911323,689475|911560,689747|911642,689839|911947,690186|911947,690186|912139,690417|912368,690666|912633,690926|912885,691155|912979,691236|913038,691288|913038,691288|913251,691464|913642,691764|913852,691920|914097,692089|914374,692263|914702,692457|914895,692565|915015,692629|915247,692746|915488,692873|915704,692994|915884,693101|916116,693251|916320,693392|916544,693559|916733,693710|917004,693944|917228,694156|917387,694319|917481,694418|917539,694482|917786,694774|917890,694904|918037,695100|918152,695266|918152,695266|918722,696149|918722,696149|919138,696794|919271,697001|919472,697311|919740,697731|919963,698071|920381,698723|920503,698912|920576,699024|920650,699139|920650,699139|920880,699495|921112,699853|921196,699983|921196,699983|921365,700255|921365,700255|921467,700411|921581,700576|921684,700721|921735,700792|921940,701060|922117,701271|922117,701271|922267,701445|922464,701665|922611,701823|922615,701827|922615,701827|922795,702011|922942,702152|923149,702342|923149,702342|923200,702389|923431,702601|923871,703007|923948,703079|924181,703296|924181,703296|924460,703553|924562,703647|924737,703813|924737,703813|924802,703870|925257,704280|925257,704280|925562,704562|925696,704682|925883,704855|926450,705377|926510,705433|926602,705519|926838,705736|927128,706003|927571,706408|927682,706505|927702,706523|927793,706597|927870,706659|927995,706754|928132,706851|928263,706939|928359,706999|928504,707085|928599,707138|928710,707198|928770,707229|928917,707300|928981,707328|929051,707358|929189,707416|929368,707485|929406,707500|929514,707534|929976,707686|930289,707791|930359,707813|930766,707947|930824,707966|931211,708089|931211,708089|931655,708238|932041,708369|932469,708501|932469,708501|933105,708716|933266,708769|933712,708916|933826,708954|934165,709064|934687,709236|935027,709348|935567,709524|936697,709897|937113,710043|937212,710083|937271,710107|937372,710156|937460,710201|937558,710260|937639,710312|937734,710380|937822,710446|937897,710508|937955,710560|938071,710678|938156,710771|938254,710886|938355,711011|938713,711450|939001,711813|939001,711813|939096,711934|939096,711934|939402,712315|939543,712490|939625,712595|939886,712917|939994,713044|940119,713182|940249,713312|940362,713419|940459,713501|940583,713600|940709,713695|940815,713769|940916,713832|941114,713948|941256,714023|941443,714112|941531,714151|941625,714185|941763,714234|941873,714271|942023,714313|942287,714371|942405,714392|942556,714414|942708,714432|942850,714445|943290,714478|944302,714547|946000,714662|947580,714755|947759,714763|948522,714817|949515,714908|949629,714917|949721,714924|950023,714947|950023,714947|950108,714952|950267,714959|950358,714962|950534,714964|950534,714964|950566,714965|951074,714960|951544,714956|951781,714948|952009,714939|952594,714904|953015,714887|953464,714877|953937,714872|953937,714872|957255,714845|957255,714845|958019,714838|958379,714834|958559,714827|958675,714819|958779,714809|958912,714793|958912,714793|959048,714780|959129,714769|959260,714748|959421,714716|959571,714679|959782,714620|960040,714526|960221,714458|960395,714384|960544,714315|960800,714190|960988,714077|961560,713726|961560,713726|961713,713633|962073,713415|962329,713257|962458,713179|962630,713075|962850,712940|962887,712917|963024,712835|963469,712557|963528,712523|963650,712446|963881,712316|963969,712269|964047,712228|964128,712189|964214,712149|964350,712090|964491,712029|964739,711936|964812,711913|964812,711913|965377,711737|965674,711667|965989,711618|966281,711586|966281,711586|966445,711574|966614,711562|966773,711552|967179,711556|967322,711564|967322,711564|967412,711573|967622,711603|967849,711634|968066,711665|968279,711699|968279,711699|968425,711734|968619,711784|968825,711845|969041,711920|969041,711920|969215,711989|969384,712064|969555,712145|969703,712219|969834,712292|969876,712318|969985,712388|969985,712388|970031,712416|970149,712492|970228,712549|970337,712625|970374,712653|970501,712749|970595,712820|970690,712900|970828,713024|971005,713197|971067,713261|971067,713261|971178,713372|971284,713490|971435,713667|971692,713972|971988,714343|972111,714496|972246,714659|972246,714659|972295,714717|972403,714841|972528,714981|972655,715106|972738,715177|972849,715262|972869,715276|972879,715283|972940,715324|972956,715335|973048,715392|973085,715413|973116,715431|973157,715453|973280,715517|973413,715574|973433,715582|973589,715639|973732,715680|973781,715693|973959,715730|974126,715754|974275,715765|974426,715774|974464,715774|974590,715777|974862,715776|975189,715768|975189,715768|975868,715753|975868,715753|976257,715743|976682,715732|976682,715732|976935,715725|976935,715725|977286,715717|977704,715711|977833,715708|978021,715704|978179,715704|978179,715704|978277,715708|978366,715712|978524,715720|978618,715725|978693,715730|978693,715730|978722,715732|978815,715744|978900,715756|978900,715756|979045,715776|979277,715811|979468,715847|979634,715883|979827,715936|980048,715997|980254,716057|980466,716133|980720,716235|980972,716343|981140,716419|981271,716488|981514,716621|981804,716790|981917,716858|982011,716923|982273,717108|982483,717277|982680,717441|982725,717478|982725,717478|982879,717604|983194,717910|983376,718105|983450,718188|983606,718367|983606,718367|983679,718452|983760,718546|984410,719307|984486,719396|984486,719396|984629,719564|984640,719578|984640,719578|985824,720947|985824,720947|986223,721430|986402,721641|986729,722014|987060,722409|987585,723021|987734,723193|987838,723316|987838,723316|987857,723336|987887,723366|987998,723476|988085,723556|988122,723589|988122,723589|988187,723645|988217,723670|988217,723670|988270,723714|988367,723790|988466,723861|988603,723955|988713,724023|988864,724109|988945,724152|988945,724152|989059,724210|989176,724265|989292,724317|989396,724359|989500,724397|989564,724418|989648,724445|989762,724478|989840,724497|990018,724542|990018,724542|990092,724558|990210,724578|990282,724589|990350,724599|990350,724599|990420,724607|990566,724622|990740,724632|990833,724634|990882,724634|990991,724634|991096,724631|991198,724624|991349,724606|991487,724589|991539,724582|991608,724573|991608,724573|991772,724543|991846,724530|991913,724516|992002,724496|992455,724392|992671,724341|992851,724288|993062,724225|993366,724121|993454,724089|993610,724029|993908,723908|993955,723890|994121,723810|994137,723803|994137,723803|994292,723734|994742,723490|995001,723337|995118,723263|995205,723208|995390,723084|995569,722953|995919,722695|996065,722590|996184,722506|996212,722485|996212,722485|996293,722432|996908,722050|997052,721965|997321,721818|998155,721383|998507,721196|998926,720978|999004,720937|999107,720885|999485,720684|999675,720586|999675,720586|999909,720462|999924,720454|1000079,720374|1000585,720109|1000585,720109|1000633,720083|1001404,719674|1001635,719535|1001870,719378|1001960,719314|1002013,719274|1002100,719210|1002202,719127|1002314,719033|1002441,718923|1002772,718635|1002973,718453|1003552,717943|1003632,717873|1003643,717864|1003643,717864|1003654,717853|1004310,717275|1004533,717080|1004542,717070|1004542,717070|1004745,716890|1004851,716797|1004851,716797|1004989,716675|1005203,716488|1005267,716431|1005431,716290|1005505,716227|1005653,716108|1005800,715993|1005946,715883|1006089,715784|1006238,715683|1006299,715643|1006299,715643|1006340,715617|1006356,715607|1006356,715607|1006578,715471|1006692,715404|1006807,715338|1006880,715297|1006880,715297|1007068,715193|1007300,715077|1007498,714987|1007707,714903|1007816,714861|1007966,714806|1008006,714793|1008006,714793|1008099,714763|1008220,714726|1008362,714685|1008504,714650|1008670,714614|1008837,714583|1008837,714583|1008948,714565|1009066,714547|1009173,714537|1009254,714530|1009327,714522|1009417,714514|1009417,714514|1009510,714510|1009615,714507|1009734,714503|1009843,714504|1009963,714504|1010083,714505|1010083,714505|1010245,714515|1010340,714522|1010434,714532|1010557,714544|1010831,714580|1011157,714625|1011437,714660|1011686,714683|1011939,714696|1012241,714700|1012403,714699|1012564,714692|1012564,714692|1015315,714618|1015315,714618|1016304,714595|1016455,714590|1016766,714580|1016966,714566|1017095,714554|1017127,714549|1017275,714516|1017313,714507|1017878,714355
1017878,714355|1018607,714130|1018634,714121|1018734,714083|1018734,714083|1018846,714046|1018884,714030|1019221,713887|1019395,713816|1019759,713666|1020046,713549|1020444,713385|1020558,713339|1020972,713168|1021014,713152|1021014,713152|1021352,713027|1021566,712949|1021689,712911
1021689,712911|1021856,712853|1021885,712843|1021975,712816|1021975,712816|1022081,712785|1022143,712768|1022348,712715|1022583,712661|1022609,712656|1022609,712656|1022617,712656|1022685,712653|1022685,712653|1022790,712632|1022842,712624|1023214,712581|1023933,712527|1024066,712512|1024222,712483|1024352,712442|1024460,712403|1024508,712381|1024538,712364|1024566,712348|1024854,712148|1024930,712084|1025016,712000|1025107,711892|1025188,711788|1025303,711618|1025314,711601|1025314,711601|1025396,711482|1025396,711482|1025699,711038|1025699,711038|1026001,710594|1026001,710594|1026038,710533|1026250,710224|1026250,710224|1026288,710170|1026288,710170|1026362,709950|1026362,709950|1026371,709924|1026371,709924|1026391,709872|1026391,709872|1026520,709545|1026520,709545|1026581,709399|1026581,709399|1026612,709327|1026612,709327|1026652,709220|1026652,709220|1026900,708560|1026900,708560|1026938,708458|1026938,708458|1026990,708331|1026990,708331|1027124,708011|1027141,707961|1027155,707908|1027163,707867|1027168,707818|1027167,707775|1027162,707658|1027155,707489|1027155,707489|1027147,707339|1027147,707339|1027141,707269|1027139,707215|1027139,707215|1027143,707146|1027143,707146|1027243,706664|1027264,706601|1027284,706559|1027349,706455|1027349,706455|1027421,706347|1027421,706347|1027443,706314|1027469,706272|1027469,706272|1027509,706208|1027603,705995|1027634,705884|1027664,705656
1027664,705656|1027673,705546|1027694,705286|1027700,705253|1027707,705223|1027714,705196|1027724,705171|1027738,705139|1027762,705098|1027785,705066|1027813,705030|1027833,705005|1027858,704976|1027858,704976|1027905,704933|1027921,704918|1027964,704877|1027993,704851|1028030,704822|1028030,704822|1028062,704798|1028062,704798|1028190,704721|1028190,704721|1028339,704637|1028339,704637|1028641,704469|1028641,704469|1028671,704453|1028781,704405|1028817,704393|1028817,704393|1028973,704341|1029033,704329|1029033,704329|1029057,704324|1029057,704324|1029230,704290|1029230,704290|1029629,704210|1029629,704210|1029693,704196|1029947,704155|1029947,704155|1030285,704089|1030285,704089|1030369,704072|1030369,704072|1030447,704056|1030447,704056|1030458,704055|1030458,704055|1030487,704048|1030487,704048|1030569,704032|1030569,704032|1030603,704026|1030603,704026|1030730,704001|1030730,704001|1030965,703955|1030965,703955|1031031,703943|1031031,703943|1031150,703929|1031150,703929|1031284,703948|1031284,703948|1031316,703957|1031316,703957|1031474,704009|1031474,704009|1031741,704096|1031741,704096|1031793,704114|1031793,704114|1031927,704157|1031927,704157|1032262,704266|1032262,704266|1032522,704350|1032522,704350|1032781,704434|1032781,704434|1032855,704458|1032855,704458|1032963,704493|1032963,704493|1033073,704530|1033073,704530|1033284,704599|1033284,704599|1033562,704692|1033562,704692|1033954,704821|1033954,704821|1034010,704840|1034010,704840|1034035,704849|1034145,704886|1034157,704891
1034157,704891|1034269,704910|1034407,704940|1034407,704940|1034453,704947|1034453,704947|1034479,704918|1034514,704883|1034514,704883|1034579,704837|1034735,704728|1034802,704682|1034802,704682|1034929,704592|1035240,704373|1035330,704310|1035330,704310|1035365,704285|1035365,704285|1035415,704251|1035415,704251|1035464,704219|1035504,704192|1035539,704169|1035566,704150|1035588,704128|1035626,704088|1035662,704045|1035698,704003|1035751,703947|1035751,703947|1035788,703859|1035940,703495|1035950,703471|1035950,703471|1035979,703416|1036003,703377|1036028,703343|1036028,703343|1036078,703273|1036111,703230|1036203,703139|1036783,702611|1036783,702611|1036892,702512|1036892,702512|1037066,702358|1037126,702304|1037126,702304|1037505,701963|1037505,701963|1037636,701846|1037636,701846|1037803,701695|1037803,701695|1038469,701092
1038469,701092|1038376,700985|1038376,700985|1038172,700735
1038172,700735|1038138,700752|1038138,700752|1037961,700848|1037896,700902|1037868,700931|1037840,700971|1037776,701091|1037755,701115|1037716,701151|1037697,701176
end


